7505
7781
8112
8452
8845
9195
9642
10096
10527
10930
11251
11720
12143
12590
13090
13672
13971
14352
14824
15140
15541
15930
16188
16708
17091
17384
18054
18403
18676
18982
19400
19861
20191
20533
21163
21648
22064
22259
22742
23197
23754
24278
24894
25120
25771
26183
26727
27347
27908
28379
28888
29317
30000
30390
30889
31357
31967
32350
32691
33340
33800
34253
34704
35150
35545
35931
36491
36895
37272
37704
38104
38431
38688
39228
39501
40156
40407
40977
41544
41862
42364
42933
43456
44138
44761
45574
46061
46415
46984
47430
47984
48454
48887
49749
50249
50833
51476
51864
52366
52804
53389
53767
54355
54745
55508
55983
56564
56809
57201
57412
57683
57904
58327
58620
59035
59362
59777
60078
60508
60770
61503
61949
62549
62880
63107
63470
63793
64316
64652
65039
65264
65662
65985
66343
66734
67205
67691
67956
68240
68589
68863
69152
69549
69774
70178
70538
70856
71163
71454
71780
72104
72511
72830
73391
73689
74017
74281
74657
74943
75212
75518
75796
76090
76419
76673
77041
77322
77696
78004
78272
78554
78858
79246
79601
79960
80275
80595
80867
81311
81607
81853
82055
82263
82514
82906
83170
83484
83758
84053
84347
84634
84901
85275
85609
85962
86238
86470
87078
87414
87784
88205
88632
88973
89426
89831
90591
91152
91542
91901
92183
92552
92882
93416
93865
94186
94637
94959
95400
95822
96255
96551
97273
97570
97989
98290
98578
98905
99539
99862
100045
100303
100542
101204
101492
101777
102541
103302
103693
104012
104718
105003
105310
105591
105947
106292
106715
107035
107431
107736
108200
108451
108842
109068
109310
109577
110026
110291
110671
110874
111274
111473
111734
112113
112436
112747
113011
113358
113600
113880
114282
114481
114769
115074
115389
115825
116122
116355
116726
117119
117406
117673
118035
118286
118571
118897
119277
119530
119948
120246
120555
120899
121259
121520
121943
122380
122753
123094
123400
123677
124036
124362
124642
124984
125330
125690
126000
126348
126726
127108
127349
127623
128093
128400
128775
129058
129433
129700
130144
130594
131020
131340
131677
132059
132430
132732
133074
134087
134355
134921
135321
135703
136374
136812
137212
137597
137937
138439
138822
139264
139831
140371
141010
141593
142167
142586
143002
143385
143973
144525
145072
145617
145918
146376
146802
147179
147551
147956
148248
148612
148923
149320
149712
150110
150486
150947
151478
151984
152445
152910
153266
153581
154027
154340
154765
155218
155607
156116
156571
157105
157690
158312
158817
159286
159679
160236
160723
161118
161897
162475
163061
163616
164169
164549
164901
165327
165631
165980
166321
166695
167031
167389
167764
168136
168514
168893
169288
169643
169964
170316
170696
171068
171383
171730
172173
172607
172924
173329
173704
174037
174387
174722
175135
175457
175799
176112
176387
176639
176946
177266
177605
177860
178127
178424
178710
179256
179616
179943
180246
180556
180845
181132
181403
181693
181992
182363
182708
182972
183222
183576
183915
184143
184465
184793
185054
185378
185648
186226
186610
186922
187257
187569
187881
188288
188758
189040
189281
189525
189929
190250
190549
190810
191180
191529
191801
192124
192394
192692
193114
193424
193735
194108
194352
194590
194981
195269
195560
195839
196223
196463
196746
197209
197487
197908
198147
198453
198739
199044
199337
199617
199873
200180
200412
200712
201016
201286
201600
202022
202392
202716
203120
203484
203844
204155
204403
204800
205135
205503
205842
206124
206478
207029
207473
207741
208107
208450
208763
209116
209423
209716
210109
210393
210770
211212
211512
211751
212013
212404
212696
213039
213386
213675
214044
214409
214645
214901
215370
215736
216190
216535
216925
217348
217713
218113
218561
218933
219355
219742
220120
220566
220974
221206
221648
222017
222409
222887
223239
223646
223962
224355
224705
225031
225330
225654
226081
226466
226851
227274
227677
228032
228406
228763
229183
229925
232640
233069
233413