1368
1714
2322
3045
3307
3694
4062
4630
5371
5932
6280
6640
7058
7623
8182
8967
9239
9652
10042
10619
11285
11900
12199
12412
12652
12991
13640
14257
16081
16736
17409
19042
19587
20324
22079
22663
23400
25071
25448
25962
26212
26681
26886
27192
27592
28002
28339
28928
29199
29439
29861
30153
30525
30968
31361
31982
32212
32469
33064
33510
33740
34105
34610
35079
35520
36214
36842
37092
37414
38025
38250
38709
38959
39305
39649
40090
40437
40950
41213
41420
41826
42118
42425
42754
43080
43402
43936
44402
44798
45193
45645
46019
46461
46710
47188
47426
47852
48284
48795
49228
49799
50064
50588
50948
51537
51887
52505
52833
53319
53998
54398
54937
55581
55998
56584
57071
57497
57804
58296
58567
58869
59217
59623
60054
60286
60509
60882
61247
61749
62376
64151
64688
65315
67090
67625
68301
70034
70562
71214
72582
72940
73328
73736
74219
74450
74657
75033
75259
75473
75875
76246
76814
77061
77307
77568
78129
78363
78617
79015
79414
80190
80437
80756
81374
81699
82083
82418
83050
83295
83533
83801
84317
84594
84988
85355
88169
88477
88897
89198
89437
89810
90029
90407
90650
91044
91391
91920
92186
92434
92779
93031
93425
93668
94056
94411
94954
95213
95654
95989
96393
96622
96993
97394
97726
98071
98469
99630
99973
100393
100937
101392
101878
102358
102690
102991
104130
104543
105098
105540
105814
106414
106805
107181
107405
108134
108394
108595
109201
109420
109821
110062
110492
111082
111540
112324
112814
113322
114931
115598
116369
118025
118679
119321
121230
121698
122378
123386
123659
124011
124374
125069
125359
125626
126196
126537
127011
127396
128198
128465
128937
129257
129494
129993
130367
131103
131522
131805
132194
132694
133097
133429
134208
134529
135082
135375
135681
136008
136407
137025
137292
137560
137855
138185
138454
138914
139318
139923
140312
140564
140856
141352
141833
142294
142793
143151
143428
143809
144219
144554
144966
145344
145967
146339
146661
147024
147269
147692
148124
148491
149065
149695
149985
150278
150616
151020
151415
151843
152249
152570
152881
153201
153504
153939
154250
154589
155370
155778
156091
156425
156734
156993
157583
158081
158365
158632
158950
159291
159704
160253
161039
161915
162196
162483
162811
163258
163669
164319
164651
164944
165214
165710
166256
166556
167115
167661
168084
168444
168843
169293
169667
170204
170541
171425
171831
172289
172779
173188
173575
173885
174074
174621
175102
175431
176078
176344
176658
177070
177575
178058
178432
179065
179425
179733
179933
180550
180909
181308
181858
182234
182558
182874
183235
183545
183827
184247
184731
185148
185692
186050
186365
186570
187000
187400
188086
188486
188893
189339
189784
190127
190464
191020
191266
191528
192254
192484
192883
193263
193945
194179
194512
195125
195444
195762
196116
196457
197187
197619
198199
198682
199161
199480
200228
200680
200980
201324
201766
202198
202465
202956
203925
204351
204871
205257
205859
206172
206642
207072
207611
208101
208403
208879
209425
209726
210032
210377
210652
210918
211193
211477
211894
212220
212658
213044
213395
213814
214172
214566
214981
215384
215939
216316
216737
217081
217436
217885
218259
218606
219030
219403
219881
220276
220660