4068
4324
4584
4867
5298
5559
5874
6116
6329
6911
7268
7511
7772
8324
8578
8913
9182
9365
10003
10268
10475
10755
11533
11850
12142
13223
13448
13713
13958
14383
14655
14987
15268
15532
16090
16298
16577
16885
17331
17549
17779
18064
18282
18506
18973
19295
19517
19744
20004
20400
20622
20823
21171
21378
21603
22138
22365
22602
22857
23360
23595
23800
24116
24325
24564
25000
25255
25687
25940
26387
26629
26854
27199
27448
27702
27970
28332
28572
28825
29139
29465
29709
30017
30230
30500
31046
34295
34505
34783
35044
35394
35663
35983
36247
36522
36882
40331
40561
40789
41077
41398
41643
41919
42195
42419
42643
46328
46550
46801
47040
47387
47614
47876
48127
48429
48679
49333
49609
49960
50277
50599
50977
51282
51692
51954
52223
52601
52947
53252
53512
53788
54041
54282
54511
54747
55035
55322
55591
55911
56197
56570
56884
57188
57611
57872
58109
58416
58791
59099
59461
59815
60115
60409
60637
60889
61216
61492
61793
62098
62471
62773
63105
63424
63770
64191
64492
64842
65114
65376
65738
66042
66362
66634
67031
67296
67635
67916
68409
68694
68971
69316
69600
69909
70190
70503
70779
71080
71434
71697
71991
72327
72671
73027
73291
73627
73916
74170
74520
74858
75145
75471
75722
76182
76635
76952
77312
77733
78049
78453
78704
78940
79352
79927
80228
80629
81039
81361
81693
82030
82511
82811
83082
83332
83758
83989
84380
84596
84849
85355
85612
86374
88721
88990
89212
89520
89845
90102
90447
90693
90935
94639
94892
95137
95383
95606
95885
96131
96368
96620
96865
103891
104145
104406
104752
105075
105455
105824
106133
106413
106778
107148
107480
107874
108277
108602
108862
109121
109550
109901
110218
110498
110791
111056
111383
111737
112183
112416
112623
112884
113202
113498
113891
114311
114538
114833
115102
115488
115764
116232
116521
116963
117251
117506
117769
118057
118650
118881
119146
119437
120026
120449
120797
121084
121596
121832
122124
122681
122938
123431
123756
124034
124385
125014
125333
125628
126045
126394
126765
127129
127504
127827
128209
128476
129018
129297
129569
129876
130175
130469
130898
131253
131632
132003
132501
132831
133067
133498
133781
134015
134463
134782
135056
135325
135598
135994
136335
136632
136924
137156
137459
137746
138107
138396
138704
138980
139272
139571
139877
140107
140374
140649
141024
141370
141654
141945
142273
142572
142843
143210
143654
144022
144501
144834
145136
145644
146052
146464
146767
147047
147382
147734
148022
148313
148775
149357
149726
150095
150540
150943
151331
151716
152085
152695
153109
153510
153873
154412
154734
155110
155416
155945
156230
156596
156905
157205
157557
157850
158142
158430
158719
159165
159528
159789
160119
160444
160801
161120
161446
161750
162013
162395
162702
163023
163322
163618
163934
164225
164534
164835
165143
165659
166027
166369
166657
167015
167380
167714
167996
168272
168504
168839
169099
169389
169686
169923
170230
170489
170835
171110
171400
171702
172215
172492
172841
173171
173479
173736
174033
174504
174782
175053
175456
175791
176101
176414
176655
177041
177287
177546
177849
178117
178355
178691
178963
179255
179740
180210
180792
181157
181357
182248
182742
183381
183691
184330
184641
185119
185551
185852
186200
186511
186773
187009
187289
187610
187942
188259
188535
188866
189162
189458
189899
190224
190474
190733
190986
191210
191503
191832
192100
192430
192653
192880
193470
193759
193988
194418
194655
195067
195307
195573
195912
196192
196443
196721
196989
197196
197476
197725
198011
198259
198535
198796
199130
199360
199722
199970
200240
200571
200806
201078
201367
201621
201969
202270
202503
202750
203077
203351
203699
203965
204226
204485
204879
205117
205370
205635
205930
206367
206644
206949
207160
207433
207685
207924
208196
208429
208708
209003
209245
209531
209791
210216
210492
210935
211175
211410
211804
212098
212348