6144
6531
7001
7425
7900
8187
8452
8866
9298
9746
10285
10734
11177
11647
12107
12586
13008
13497
13792
14071
14594
15013
15559
15785
16044
16479
16907
17342
17755
18136
18546
19003
19498
19906
20342
20770
21186
21618
22018
22363
22862
23230
23640
24362
24759
25098
25543
26035
26803
27272
28263
28651
29086
29447
29977
30469
30904
31297
31668
32081
32477
32818
33249
33718
34251
34703
35045
35608
36033
36447
36808
37205
37622
38330
38781
39663
40141
40516
40995
41393
42151
42598
43224
43589
43974
44419
45040
45517
46198
46667
47197
47636
48138
48585
49054
49581
50172
50510
51057
51525
51901
52467
53010
53584
54441
55012
55547
56311
56701
57106
57523
57853
58215
58516
58711
59063
59320
59558
60965
61311
61695
62130
62560
62967
63302
63629
64171
64575
64988
65402
65825
66226
66529
66919
67221
67607
67977
68320
68773
69181
69665
70112
70505
70873
71285
71674
72120
72521
72944
73337
73702
74067
74480
74846
75404
75827
76248
76634
76952
77367
77692
78060
78400
78835
79237
79687
80136
80614
81135
81618
82025
82511
83038
83473
83974
84323
84608
85037
85476
85910
86384
86955
87387
88030
88451
88923
89867
90228
91390
91763
92095
92476
92845
93612
94028
95176
95514
95809
96162
96624
97478
97865
98823
99140
99394
99760
100404
100856
101205
101463
101780
102228
102695
103197
103501
103974
104324
105213
105659
106487
106955
107423
107803
108359
108748
109309
109784
110345
110755
111451
111965
112715
113308
113916
114335
114622
114894
115504
115800
116252
116518
116787
117163
117605
117844
118595
119161
119578
120074
120576
121053
121537
121976
122373
122637
123067
123525
123965
124389
124902
125401
125890
126409
126850
127332
127803
128227
128730
129204
129729
130213
130654
131145
131628
132086
132564
132999
133453
134003
134541
134961
135428
135890
136442
136938
137389
137900
138405
138866
139308
139831
140310
140743
141238
141621
142234
142695
143194
143630
144122
144554
145013
145524
146103
146558
146977
147408
147866
148348
148786
149244
149757
150293
150886
151498
151953
152449
152881
153614
190120
190471
191088
191743
192066
192728
193030
193306
193708
194563
195074
195383
195923
196366
196842
197202
197857
198171
198652
199346
199630
200374
200644
200894
201336
202098
202521
202807
203307
203618
204009
204365
204658
205337
205651
206101
206524
207026
207492
207908
208237
208835
209286
209780
210244
210791
211262
211737
212163
212725
213158
213605
214033
214461
214913
215409
215847
216360
216909
217432
217738
218348
218847
219331
219793
220252
220749
221210
221676
222100
222580
222990
223423
223711
224151
224589
224999
225313
225959
226428
226853
227436
227984
228482
228922
229353
229930
230413
230911
231146
231714
232178
232630
232934
233193
233634
234107
234571
235098
235638
236059
236476
236937
237402
237872
238314
238753
239260
239658
240015
240408
240850
241338
241769
242211
242652
243111
243591
244042
244476
244971
245440
245876
246307
246708
247118
247502
247910
248289
248662
249096
249505
249895
250351