2317
2661
3108
3568
3955
4320
4662
5051
5581
6006
6432
6812
7201
7604
8083
8474
8954
9275
9692
10034
10471
10801
11171
12175
12560
12894
13432
13927
14295
14750
15099
15414
16118
16525
16865
17348
17742
18339
18980
19541
20013
20710
21103
21619
22178
22744
23209
23523
24056
24728
25202
25728
26382
26876
27466
28059
28566
29415
30074
30876
31344
32009
32298
33045
33411
33747
34155
34435
35154
35687
36148
36511
36908
37206
37663
38244
38761
39303
39886
40382
40767
41571
41941
42398
42839
43764
44204
44592
45044
45439
45792
46231
46693
47152
47615
48062
48565
49041
49327
50506
50739
51167
51527
51977
52591
52886
53357
53839
55126
55419
55748
56174
56911
57350
57610
58001
58425
59018
59630
60074
60452
61331
61678
62034
62311
62654
63201
63723
64628
65012
65490
65907
66899
67471
67883
68612
68968
69531
69958
70441
70850
71325
72063
72525
72857
73168
73448
74303
74706
75228
75508
75932
76378
76955
77293
77538
78474
78866
79147
80071
80516
80871
81287
81899
82502
82820
83243
83591
84054
84367
84918
85160
85425
85767
86237
86783
87112
87528
87983
88480
88944
89234
89661
90029
90444
91096
91759
92058
92325
92710
93105
93539
93885
94346
94629
95149
95564
95958
96627
96953
97610
98091
98630
99089
99677
100448
100957
101441
102296
102556
102839
103240
104083
104496
105028
105217
105662
106163
106661
107082
107615
108350
108742
109142
109468
109866
110411
110905
111706
112321
112636
112950
113181
114489
114784
115107
115359
115926
116206
116736
117057
117373
117815
118078
118480
118713
119444
119731
120029
120375
120640
121454
121742
122293
122561
123397
123773
124093
124414
124803
125447
125786
126614
126907
127917
128266
128534
128769
129092
129862
130131
130842
131124
132212
132779
133117
133418
134184
134521
134875
135298
135642
136652
136926
137201
137466
137739
138331
138601
138903
139595
140050
140381
140675
141211
141507
142099
142721
143229
143554
143865
144362
144704
145012
145508
145777
146259
146771
147636
148058
148399
148997
149349
149759
150047
150414
150675
151103
151391
151871
152391
153422
153826
154213
154694
155399
156124
156502
156895
157195
157647
159777
160071
160323
160666
160913
161249
161729
162303
163908
164159
164410
165622
165892
166416
166682
168000
168666
169339
169978
170642
171484
172724
173335
173770
174103
174363
174852
175373
175715
176155
176890
177389
177817
178099
178455
178994
179445
180049
180373
181145
181528
181779
182250
182654
182907
183382
183651
184230
184655
185282
185772
186314
186894
187535
188279
188542
188794
189151
189823
190136
190861
191147
192178
192483
192741
193136
193422
194098
194367
195181
195452
196521
196834
197088
197410
197692
198464
198736
199600
199835
200944
201254
201580
201861
202105
203060
203413
203644
204130
204354
205148
205496
205758
206055
206296