3549
4068
4512
6553
7032
7497
9707
10164
10578
12766
13160
13474
13848
17153
17618
18059
18442
18929
19310
19686
19954
20477
20898
21303
21808
22215
22685
23119
23632
24139
24579
25032
25446
25872
26186
26766
27275
27662
28082
28483
28949
29514
29958
30570
31120
31666
32114
32415
33008
33484
33903
34386
34782
35263
35744
36209
36629
37131
37585
37978
38429
38842
39519
40071
40499
40971
41353
42006
42731
43098
43581
43854
44305
44613
45172
45615
46021
46500
46875
47261
47600
48035
48446
48912
49199
49813
50167
50539
51066
53056
53422
53793
54152
54799
55205
55524
55954
56235
56811
57264
58136
58703
59374
59940
60348
61731
62189
62511
62964
63509
63943
64415
64910
65518
65878
66618
67271
68073
68719
69418
69860
70408
70868
71712
72145
72669
73286
73710
74258
74775
75183
75632
76174
76579
77014
77484
77918
78334
78652
79031
79515
79937
80229
80906
81440
81809
82204
82688
83425
83760
84153
84436
84858
85241
85651
85901
86216
86714
87015
87268
87594
87906
88295
88704
89054
89329
89751
90071
90390
90649
91297
91733
92187
92646
93052
93431
93706
94039
94495
94989
95329
95960
96337
96697
97068
97437
98025
98579
98920
99337
99737
100092
100504
100799
101060
101575
101986
102370
102843
103413
103855
104509
105000
105403
105903
106419
106773
107133
107995
108356
108875
109356
109830
110313
111047
111491
111840
112361
112758
113086
113372
113869
114255
114856
115268
115738
116202
116578
117085
117525
117870
118443
118842
119239
119766
120156
120802
121093
121536
121871
122334
123106
123532
124128
124515
124787
125137
126006
127823
128144
128529
128911
130100
130357
130723
131024
131311
131611
132162
132507
132789
133158
133519
133805
134132
134460
134801
135245
136297
136725
137041
137294
137648
137933
138562
138898
139294
139677
139988
140343
140966
141507
142067
142940
143618
144414
144894
145207
145821
146227
146540
146873
147573
148121
148521
149163
149469
149991
150801
151102
151563
152367
153090
153916
154480
155154
155774
156240
156642
157020
157642
157953
158545
158880
159383
159835
160176
160682
161125
161662
162126
162545
163198
163560
164085
164625
165001
165428
165766
166305
166774
167246
167665
168170
168530
168976
169404
169875
170366
170971
171346
171843
172293
172622
173271
173636
174038
174483
174872
175216
175702
176107
176507
176910
177524
177999
178768
179201
179645
180147
180584
181059
181542
182020
182675
183048
183252
183720
184054
184509
184964
185359
185920
186398
186801
187069
187312
187780
188259
190379
190749
191060
191393
191925
192213
192804
193144
193561
194431
194721
195181
196004
196299
196745
197636
197936
198392
199158
199467
199893
200648
200981
201383
202133
202396
202706
203103
203910
204462
205157
205399
205889
206798
207116
207541
208352
208653
209151
209866
210245
210691
211359
211663
211914
212340
212980
213292
213538
213870
214642
214952
215583
216245
217134
217988
218519
218983
219388
220189
221152
221663
222053
222495
223572
224113
224725
225168
225548
226516
226922
227490
228057
228672
230345
230813
231144
231490
231859
233608
234026
234478
234917
236077
236633
237115
237556
238020
238813
239399
239712