4958
5232
5778
6083
6344
6609
6901
7163
7686
7921
8587
8849
9107
9388
9879
10292
10604
10899
11428
11718
11980
12273
12628
13108
13363
13725
14022
14344
14669
15612
15900
16246
16702
17203
17503
17807
18294
18739
19018
19265
19807
20049
20339
20621
20909
21440
21712
21956
22361
23008
23428
23712
24042
24369
24721
25044
25355
25825
26149
26547
26932
27234
27593
27980
28420
28827
29130
29452
29845
30246
30685
31143
31627
32013
32544
32948
33393
33704
34008
34512
34855
35101
35569
35941
36275
36654
37124
37558
38038
38531
39103
39512
39955
40390
40806
41193
41550
41952
42372
42810
43412
43818
44224
44658
45141
45403
45801
46029
46483
46897
47310
47756
48159
48447
48975
49380
49738
50192
50470
50836
51215
51630
52136
52587
52878
53159
53513
53903
54179
54798
55091
55395
55802
56026
56536
56772
57220
57454
57886
58157
58404
58775
59006
59315
59528
59882
60174
60448
60808
61130
61509
61943
62248
62544
62838
63190
63542
63933
64156
64383
64778
65038
65261
65658
66050
66389
66654
66931
67177
67565
67876
68088
68380
68781
69098
69384
69612
69986
70434
70647
70874
71231
71684
72035
72267
72469
72869
73334
73570
73792
74135
74678
74949
75177
75674
75884
76164
76498
77174
77489
77704
77932
78300
78544
78763
79014
79276
79797
80243
80598
80990
81474
81708
81942
82515
82720
83276
83508
84018
84289
84536
84915
85859
86190
86767
87035
87360
87602
88424
88685
88931
89191
89708
89940
90397
90613
91227
91482
92097
92396
92818
93126
93480
93936
94342
94715
95142
95940
96206
96506
96771
97163
97595
98035
98509
99006
99393
99737
100084
100468
100907
101170
101550
101812
102354
102707
103128
103586
104004
104229
104777
105092
105497
105793
106151
106501
106868
107101
107429
107908
108322
108652
108980
109374
109757
110097
110448
110809
111128
111477
111836
112223
112589
112945
113393
113798
114158
114535
114792
115105
115313
115660
115950
116255
116653
116961
117334
117697
118010
118261
118602
118965
119264
119594
119960
120507
120738
120977
121600
122007
122384
122983
123262
123482
123937
124284
124678
124986
125253
125851
126141
126760
127101
127456
127770
128029
128433
128659
128922
129261
129499
129954
130170
130403
130747
131042
131316
131608
131987
132278
132589
132878
133265
133693
134035
134449
134851
135242
135635
135917
136372
136812
137094
137576
137885
138293
138646
138955
139186
139622
139883
140188
140490
140837
141155
141597
141981
142384
142670
143045
143418
143795
144175
144490
144769
145077
145381
145807
146079
146397
146735
147042
147404
147716
148002
148316
148590
148947
149244
149514
149779
150054
150353
150635
150902
151267
151673
152119
152495
152814
153186
153554
153797
154350
154693
154959
155249
155580
155992
156249
156654
156918
157398
157832
158285
158732
159110
159359
159928
160424
160758
161102
161495
161866
162198
162505
162984
163400
163713
164014
164362
164682
164954
165228
165533
165802
166074
166342
166714
166948
167357
167614
168011
168313
168694
168987
169338
169689
169934
170270
170762
171083
171405
171873
172496
172985
173400
173794
174249
174677
175088
175503
175884
176158
176741
177147
177547
177999
178409
178769
179142
179761
180186
180592
181017
181350
181625
181855
182384
182712
182987
183388
183780
184161
184549
184967
185464
185888
186260
186613
186990
187261
187591
187911
188308
188569
189045
189299
189737
189991
190503
190839
191303
191771
192134
192538
192938
193356
193722
194151
194759
195236
195524
195998
196413
197110
197365
197627
198104
198388
198874
199333
199661
199980
200411
200811
201096
201416
201918
202303