11983
12388
12820
13189
13475
14111
14452
14839
15309
15688
16253
16756
17080
17434
17866
18216
18515
18796
19268
19577
19882
20382
20756
21029
21267
21827
22126
22434
22990
23269
23587
24079
24416
24710
25044
25461
25947
26239
26716
27243
27539
27940
28837
30076
30558
31390
31804
32211
32621
33084
33689
34053
34418
34801
35132
35433
35896
36259
36678
37045
37373
38087
38444
39333
39714
40076
40568
41041
41512
41910
42527
42909
43347
43691
44109
44416
44756
45111
45563
45880
46299
46721
47050
47378
47714
48147
48579
48968
49292
49627
50170
50518
50883
51232
51554
51983
52447
52807
53306
53861
54397
55001
55405
55777
56116
56595
57046
57497
57817
58066
58489
58883
59261
59587
59986
60530
60917
61265
61716
62180
62645
63106
63540
63996
64678
65110
65669
66017
66342
66708
67009
67727
68039
68337
69014
69368
69630
70242
70538
70842
71237
71653
72178
72799
73244
73658
74050
74271
75015
75336
75604
75944
76287
76653
76860
77575
78024
78359
78906
79180
79548
79880
80487
80767
81112
81503
81817
82083
82399
82728
83009
83325
83588
83960
84312
84651
85651
85971
86342
86811
87232
88548
88938
89739
90126
91089
91421
91755
92068
92403
92741
93059
93406
93766
94381
94674
94924
95209
95579
95935
96214
96475
96798
97158
97392
97654
97923
98303
98593
98825
99337
99641
99885
100305
100777
101220
101490
101837
102271
102570
102990
103369
103729
104060
104565
105027
105438
106295
106572
106939
107452
107984
109241
109620
110451
110880
111698
112093
112504
112820
113102
113469
113799
114126
114513
115087
115527
115928
116407
116791
117353
117777
118173
118704
119412
119856
120589
120980
121501
121717
122308
122508
122999
123423
123664
124151
124418
125060
125477
125760
126230
126694
127095
127716
128560
129234
129585
130205
130962
131326
131886
132164
132524
132973
133380
133859
134263
134751
135268
136463
136774
137441
138237
138732
139318
139754
140045
140533
141293
141591
141843
142538
142968
143537
144652
145032
145439
145804
146625
146933
147879
148297
148676
149200
149576
150532
150990
151951
152198
153108
153435
153745
154542
154863
155142
155747
156293
156551
156768
157029
157311
157695
157950
158210
158540
158850
159193
159440
159837
160180
160514
160745
161080
161617
161853
162067
162413
162747
163035
163260
163694
164043
164333
164536
164828
165210
165512
165781
166116
166542
166980
167330
168196
168479
168896
169338
169803
170806
171317
171598
172226
172598
173588
174077
174380
174753
175138
175511
175881
176350
176942
177182
177443
177738
178215
178586
178839
179180
179542
179836
180061
180391
180754
181083
181316
181620
182105
182349
182599
182910
183382
183824
184077
184380
184729
185014
185428
185909
186256
186598
187131
187636
188098
188941
189376
189659
190101
190543
191834
192159
192994
193367
194438
194791
195113
195417
195771
196066
196451
196791
197138
202923
203281
203770
204353
204975
205614
206108
206594
207113
207794
208292
208807
209399
210131
210876
211402
211989
212495
213221
213791
214332
214728
215257
215871
216700
217124
217948
218401
218886
219522
220487
221686
221965
222488
223076
223536
224003
224369
224775
225198
225582
226205
226845
227506
228219
228808
229440
230074
230740
231391
232082
232790
233326
234052
234651
235299
235805
236592
237316
237964
238538
239208
239916
240687
241162
241874
242416
243044
243661
244255
244929
245726
245984
246679
247076
247562
248071
248813
249567
250155
250950
251553
252111
252403
252810
253409
253910
254313
254702
255102
255894
256328
256713
257216
257656
258283
259157
259629
259877
260206
260513
260824
261047
261264
261514
261991
262282
262539
262863
263289
263611
263841
264106
264443
264637
265055
265359
265694
266010
266355
266635
266993
267346
267616
267917
268312
268661
268937
269223
269698
270143
270599
271476
271793
272147
272620
273139
274276
274674
275573
275938
276807
277224
277581
277966
278281
278657
278963
279291
279694
280164
280441
280822
281273
281723
281962
282370
282767
283151
283472
283774
284215
284507
284717
285221
285515
285746
286215
286649
286980
287257
287604
288004
288271
288580
288989
289364
289723
290113
290638
291007
291332
291909
292319
292688
293075
293611
294529
295073
295423
296193
296663
297546
297991
298259
298611
298905
299261
299537
299900
300385
301621
301980
302299
302619
303160
303549
303923
304417
304697
304995
305712
306152
306534
306842
307231
307558
308169
308499
308794
309047
309503
309852
310149
310786
311158
311517
311925
312207
312516
312814
313362
313717
314034
314622
314966
315256
315702
316011
316344
316684
317055
319140
319582
319885
322228