4767
5257
5696
6117
6588
7079
7409
7702
8245
8685
9126
9541
10171
10667
11117
11595
12030
12412
12922
13365
13773
14252
14725
15618
16252
16664
17249
17758
18303
18599
18985
19261
19540
19920
20196
20743
21105
21446
21856
22282
22652
23042
23473
23814
24172
24460
24771
25047
25450
25989
26404
26783
27153
27587
27977
28394
28807
29394
31267
31672
32026
32334
32717
33019
33307
33563
34144
34671
35121
35525
35990
36454
36887
37846
38345
38762
39079
39994
40410
40955
41734
41993
42540
42808
43120
43670
44058
44438
44661
44924
45394
45717
46578
47055
47352
47917
48197
48498
48798
49166
49466
49837
50099
50488
51117
51471
51800
52128
52504
52866
53245
53607
53995
54287
54586
54958
55282
55586
55913
56206
56426
57003
57267
57490
57742
58054
58388
58765
59144
59544
59870
60178
60482
60829
61101
61343
61650
61865
62221
62703
63154
63680
64032
64488
64831
65233
65647
65900
66117
66846
67278
67714
68125
68382
68812
69184
69425
69847
70292
70778
71283
71624
72080
72404
72801
73124
73808
74453
75297
75784
76151
76602
77044
77367
77633
78079
78382
78665
78945
79371
79761
80063
80410
80716
80994
81300
81614
81917
82173
82497
82780
83034
83370
83605
83918
84264
84543
84862
85120
85502
85869
86107
86396
86693
86978
87256
87538
87810
88104
88463
88928
89197
89472
89801
90085
90313
90589
90900
91247
91578
91922
92250
92589
92907
93173
93493
93960
94291
94597
94837
95190
95486
95768
96052
96329
96736
97010
97202
97731
98068
98464
98814
99211
99604
100017
100378
100734
101086
101387
101799
102277
102740
103219
103672
104130
104465
104684
104947
105405
105809
106099
106557
106936
107302
107532
108220
108568
108871
109224
109540
109868
110197
110499
110898
111232
111619
111988
112364
112703
113058
113349
113836
114239
114576
114886
115227
115572
115885
116173
116502
116978
117346
117624
117953
118249
118547
118869
119165
119527
119930
120227
120569
120919
121266
121698
122018
122349
122720
122976
123158
123521
123803
124065
124381
125105
125762
126528
127050
127380
127725
128146
128538
128898
129362
129653
129985
130341
130632
130941
131213
131474
131753
132181
132491
132814
133157
133541
133893
134348
134667
135037
135323
135723
135999
136239
136816
137307
138232
138643
139048
139469
139896
140279
140590
140883
141208
141531
141895
142251
142638
142984
143384
143752
144393
144734
145093
145469
145874
146296
146676
147186
147596
148055
148378
148780
149244
149695
150157
150690
151126
151533
152022
152398
152815
153249
154512
154955
155460
155835
156187
156977
157330
157714
158064
158498
158856
159121
159695
160114
160551
161076
161609
161994
162439
162802
163071
163527
163856
164216
164472
164813
165120
165875
166105
166673
167206
167524
168024
168639
168871
169261
169545
169843
170126
170413
170747
171098
171388
171644
171965
172235
172587
172858
173148
173443
173779
174047
174373
174701
175141
175443
175728
176016
176309
177027
177375
177772
178181
178930
179341
179669
180016
180305
180657
180956
181326
181812
182206
182555
182905
183248
183563
183875
184194
184584
184848
185203
185471
185789
186087
186444
186874
187276
187648
188183
188555
189009
189377
189805
190128
190438
190943
191356
191679
192279
192692
193081
193474
193824
194148
194592
194931
195163
195508
195954
196419
196775
197172
197421
197906
198143
198641
198937
199534
200150
201122
201497
201806
202142
202457
202887
203150
203831
204072
204341
204692
204981
205469
205737
206034
206297
206565
206911
207152
207444
207690
207934
208540
208810
209045
209401
209791
210083
210513
211081
211420
211877
212124
212506
212753
213128
213381
213667
214163
214465
214716
215029
215323
215651
215901
216201
216557
216877
217195
217441
217686
218010
218281
218563
218809
219066
219311
219569
219889
220350
220625
220945
221263
221484
221754
222164
222443
222955
223219
223455
223774
224021
224402
224725
225079
225389
225641
225955
226347
226711
226946
227192
227452
227755
228056
228335