10398
10713
11053
12603
13041
13530
15371
15806
16271
17968
18582
18870
20570
20999
21457
23280
23645
24069
25987
26398
26762
28661
29010
29405
30832
31277
31646
32001
32324
32723
33032
33424
33800
34170
34587
34896
35237
35630
35904
36345
36657
37010
37355
37751
38079
38438
38835
39200
39551
39868
40189
40489
40937
41398
41898
42189
42542
42842
43280
43645
43948
44329
44657
45066
45333
45679
46002
46335
46865
47173
47483
47835
48245
48612
48925
49220
49510
49866
50226
50491
50825
51233
51512
51863
52260
52812
53098
53591
53978
54310
54606
54992
55833
56190
56621
56928
57242
57766
58165
58487
58786
59088
59453
59820
60325
60586
61013
61278
61655
61890
62630
63149
63397
63639
64454
64747
65136
65497
65896
66573
66962
67239
67641
67934
68252
68873
69202
69572
69922
70202
70527
70885
71157
71482
71749
72140
72405
73002
73284
73686
75086
75433
75756
76103
76519
77641
77910
78146
78694
79098
79322
80121
80390
80659
80981
81265
81691
82276
82631
82914
83192
83547
84041
84499
84931
85251
85529
85782
86073
86530
86814
87192
87476
87787
88105
88561
88764
89204
89441
89770
90025
90386
90616
90969
91293
91617
91941
92274
92589
92935
93284
93689
94034
94484
94733
95076
95331
95673
96029
96518
96846
97211
97494
97883
98266
98677
99109
99433
99811
100151
100550
100914
101200
101506
101851
102215
102557
102876
103253
103563
103874
104206
104492
104825
105191
105494
105799
106118
106401
106739
107078
107349
107645
107937
108263
108527
108823
109121
109413
109702
110040
110386
110674
110964
111246
111606
111949
112247
112578
112851
113162
113461
113776
114061
114350
114629
114931
115265
115597
115958
116447
117102
117469
117851
118213
118575
118913
119257
119593
119950
120228
120651
120920
121237
121535
121810
122093
122393
122651
122961
123255
123532
123790
124115
124378
124700
124937
125204
125458
125755
126417
126891
127275
127678
128032
128330
128621
128982
129280
129667
130039
130429
130821
131168
131542
131906
132240
132639
132917
133286
133568
133890
134209
134656
134935
135369
135713
135986
136399
136872
137187
137510
137853
138265
138589
138861
139307
139602
140088
140452
140798
141146
141493
141804
142141
142614
143026
143333
143701
144090
144500
144866
145153
145466
145690
146078
146367
146745
147189
147507
147778
148698
149012
149309
149743
150056
150425
151371
151700
152007
152507
152887
153164
153944
154241
154476
154809
155319
155643
156156
156487
156791
157042
157287
157805
158025
158569
158805
159043
159329
159623
159890
160208
160546
161016
161402
161773
162035
162298
162593
163083
163449
163731
163987
164362
164736
164992
165311
165778
166034
166359
166709
167071
167328
167706
168007
168462
168823
169215
169543
169881
170417
170759
171085
171407
171706
172210
172567
172827
173180
173687
173993
174331
174603
174962
175252
175547
175866
176181
176588
176878
177216
177572
177891
178238
178630
178954
179295
179639
180013
180389
180739
181068
181398
181749
182121
182486
182851
183227
183606
183992
184361
184678
184949
185251
185747
186049
186346
186642
186967
187279
187635
187952
188411
188815
189218
189710
190075
190495
190855
191206
191581
192031
192428
193188
193500
193851
194176
194590
194936
195221
195591
195910
196202
196540
196846
197273
197597
197966
198318
198667
198983
199329
199621
199931
200370
200792
202468
202954
203454
205258
205608
206075
207577
208381
208788
209159
209535
210005
210398
210824
211243
213186
213546
213956
215790
216185
216602
218267
223901
224670
226200
226622
227131
229085
229469
229900
231481
231930
232471
233972
234542
234976
236623
237254
237683
239618
239977
240388
241970
242402
242830
244391
244951
245364
245747
246159
246599
247005
247431
247865
248354
248793
249268
249591
250004
250379
250782
251135
251463
251801
252164
252605
252947
253288
253748
254149
254495
254839
255341
255679
256039
256397
256776
257187
257565
257963
258399
258796
259212
259610
259982
260412
260847
261347
261825
262172
262473
262816
263157
263466
263885
264297
264674
265013
265402
265815
266284
266570
266997
267386
267761
268196
268525
268921
269437
269902
270677
271070
271498
271915
272527
272845
273436
273948
274506
275497
275944
276339
276710
277122
277515
277904
278287
278618
279068
279391
279679
280149
280537
280890
281252
281694
282088
282511
282876
283230
283640
283934
284376
284698
285043
285357
285738
286073
286478
286764
287126
287413
287748
288251
288672
289098
289445
289852
290270
290648
291023
291633